image_0.jpg
0.07772050959117158 14.0 1
0.07772050959117158 3.0 1
image_1.jpg
0.18419458460097873 13.0 1
0.18419458460097873 7.0 1
0.18419458460097873 29.0 0
image_2.jpg
0.19769367364994234 19.0 0
0.19769367364994234 22.0 0
image_3.jpg
0.1959450112948739 27.0 0 
0.1959450112948739 37.0 0
image_4.jpg
0.38412065010044216 20.0 0
0.38412065010044216 28.0 0
0.38412065010044216 6.0 1
image_5.jpg
0.3900835230238261 20.0 0
0.3900835230238261 18.0 0
image_6.jpg
0.17075436455505855 11.0 1
0.17075436455505855 6.0 1
image_7.jpg
0.13506459802118256 7.0 1
0.13506459802118256 25.0 0
0.13506459802118256 24.0 0
image_8.jpg
0.3615294531121365 15.0 0
0.3615294531121365 18.0 0
image_9.jpg
0.19838025404866463 16.0 0
0.19838025404866463 16.0 0
0.19838025404866463 21.0 0
image_10.jpg
0.2514548960815513 16.0 0
0.2514548960815513 10.0 1
image_11.jpg
0.10778316282954863 10.0 1
0.10778316282954863 22.0 1
image_12.jpg
0.23906299136752257 12.0 0
0.23906299136752257 20.0 0
image_13.jpg
0.18547724740735402 9.0 1
0.18547724740735402 2.0 1
0.18547724740735402 22.0 0
0.18547724740735402 16.0 0
image_14.jpg
0.2960104386920862 4.0 1
0.2960104386920862 12.0 0
image_15.jpg
0.15997472493786305 15.0 1
0.15997472493786305 18.0 0
0.15997472493786305 21.0 0
image_16.jpg
0.3111265278318976 19.0 0
0.3111265278318976 5.0 1
image_17.jpg
0.04880290083841888 33.0 1
0.04880290083841888 21.0 1
image_18.jpg
0.28919099873547405 12.0 0
0.28919099873547405 32.0 0
image_19.jpg
0.0683297753283697 8.0 1
0.0683297753283697 20.0 1
image_20.jpg
0.005303382645599475 15.0 1
0.005303382645599475 23.0 1
image_21.jpg
0.04510795536077463 11.0 1
0.04510795536077463 21.0 1
image_22.jpg
0.3151288675881463 21.0 0
0.3151288675881463 18.0 0
0.3151288675881463 23.0 0
image_23.jpg
0.36714524099995405 22.0 0
0.36714524099995405 27.0 0
image_24.jpg
0.05986718928124709 12.0 1
0.05986718928124709 31.0 1
0.05986718928124709 26.0 1
image_25.jpg
0.030107221775370164 9.0 1
0.030107221775370164 13.0 1
image_26.jpg
0.08389546541619988 20.0 1
0.08389546541619988 27.0 1
0.08389546541619988 11.0 1
image_27.jpg
0.3476026585316351 14.0 0
0.3476026585316351 38.0 0
0.3476026585316351 27.0 0
image_28.jpg
0.06491076283104706 21.0 1
0.06491076283104706 30.0 1
0.06491076283104706 32.0 1
image_29.jpg
0.07716402318102038 18.0 1
0.07716402318102038 21.0 0
0.07716402318102038 30.0 0
image_30.jpg
0.10572265559549011 8.0 1
0.10572265559549011 25.0 0
image_31.jpg
0.17390812997494587 19.0 0
0.17390812997494587 29.0 0
image_32.jpg
0.39542506033777713 8.0 1
0.39542506033777713 12.0 0
image_33.jpg
0.09154379961670385 10.0 1
0.09154379961670385 17.0 1
0.09154379961670385 14.0 1
image_34.jpg
0.44289606916363544 17.0 0
0.44289606916363544 24.0 0
image_35.jpg
0.005411777719289396 8.0 1
0.005411777719289396 21.0 1
image_36.jpg
0.35860946995645293 33.0 0
0.35860946995645293 16.0 0
image_37.jpg
0.42288014801430623 25.0 0
0.42288014801430623 15.0 0
image_38.jpg
0.02418811300558348 24.0 1
0.02418811300558348 17.0 1
image_39.jpg
0.003668634263121723 6.0 1
0.003668634263121723 19.0 1
image_40.jpg
0.33091077371821953 6.0 0
0.33091077371821953 22.0 1
image_41.jpg
0.24923200887846564 18.0 0
0.24923200887846564 19.0 0
0.24923200887846564 9.0 1
image_42.jpg
0.1278477419871403 24.0 0
0.1278477419871403 28.0 0
image_43.jpg
0.3330028624527079 20.0 0
0.3330028624527079 25.0 0
image_44.jpg
0.09502509121289661 11.0 1
0.09502509121289661 19.0 1
0.09502509121289661 5.0 1
image_45.jpg
0.11521949334950972 12.0 1
0.11521949334950972 26.0 0
image_46.jpg
0.31054493752834583 13.0 0
0.31054493752834583 33.0 0
image_47.jpg
0.4374740199524482 27.0 0
0.4374740199524482 7.0 1
image_48.jpg
0.041266437546367295 22.0 1
0.041266437546367295 33.0 1
image_49.jpg
0.16044929530117105 31.0 0
0.16044929530117105 32.0 0
0.16044929530117105 29.0 0
image_50.jpg
0.3930962933549245 31.0 0
0.3930962933549245 21.0 0
image_51.jpg
0.25995786108087743 14.0 0
0.25995786108087743 15.0 0
image_52.jpg
0.24845759567721235 16.0 0
0.24845759567721235 21.0 0
image_53.jpg
0.23773617027905522 19.0 0
0.23773617027905522 15.0 0
0.23773617027905522 23.0 0
image_54.jpg
0.4155722394870477 22.0 0
0.4155722394870477 16.0 0
image_55.jpg
0.08667780184699979 17.0 1
0.08667780184699979 33.0 0
image_56.jpg
0.026338914567430174 19.0 1
0.026338914567430174 8.0 1
image_57.jpg
0.21320893190297074 13.0 1
0.21320893190297074 10.0 1
image_58.jpg
0.25036134008252653 11.0 0
0.25036134008252653 29.0 0
0.25036134008252653 15.0 0
image_59.jpg
0.008904431571129813 11.0 1
0.008904431571129813 14.0 1
image_60.jpg
0.13247739510799944 24.0 0
0.13247739510799944 3.0 1
image_61.jpg
0.040959090360714955 31.0 0
0.040959090360714955 21.0 1
image_62.jpg
0.21820257813410623 14.0 0
0.21820257813410623 35.0 0
0.21820257813410623 31.0 0
0.21820257813410623 16.0 0
image_63.jpg
0.011632233415256437 10.0 1
0.011632233415256437 33.0 1
0.011632233415256437 36.0 1
0.011632233415256437 8.0 1
0.011632233415256437 25.0 1
image_64.jpg
0.04900744203531881 34.0 0
0.04900744203531881 12.0 1
image_65.jpg
0.40722545372915137 18.0 0
0.40722545372915137 6.0 1
0.40722545372915137 11.0 0
image_66.jpg
0.1254510029826456 11.0 1
0.1254510029826456 20.0 0
0.1254510029826456 13.0 0
image_67.jpg
0.16552426275902124 22.0 0
0.16552426275902124 31.0 0
0.16552426275902124 13.0 1
image_68.jpg
0.07561299981429205 7.0 1
0.07561299981429205 14.0 1
image_69.jpg
0.24874208330649492 12.0 1
0.24874208330649492 16.0 0
0.24874208330649492 5.0 1
image_70.jpg
0.1342823358442769 33.0 0
0.1342823358442769 18.0 0
0.1342823358442769 7.0 1
image_71.jpg
0.24428383747545113 24.0 0
0.24428383747545113 35.0 0
0.24428383747545113 27.0 0
image_72.jpg
0.33565919319158194 28.0 0
0.33565919319158194 23.0 0
image_73.jpg
0.04360748359253432 20.0 0
0.04360748359253432 7.0 1
0.04360748359253432 23.0 0
image_74.jpg
0.16711680638816423 10.0 1
0.16711680638816423 23.0 0
image_75.jpg
0.029286076719737576 10.0 0
0.029286076719737576 32.0 1
0.029286076719737576 25.0 1
image_76.jpg
0.2784346301193111 9.0 1
0.2784346301193111 30.0 0
image_77.jpg
0.11171249954099356 14.0 1
0.11171249954099356 7.0 1
image_78.jpg
0.13138019925114314 17.0 1
0.13138019925114314 30.0 0
image_79.jpg
0.41128541149826275 15.0 0
0.41128541149826275 15.0 0
0.41128541149826275 10.0 0
image_80.jpg
0.3590382998811162 7.0 1
0.3590382998811162 19.0 0
0.3590382998811162 20.0 0
image_81.jpg
0.27841882760348524 24.0 0
0.27841882760348524 22.0 0
0.27841882760348524 17.0 0
image_82.jpg
0.37200937831984293 17.0 0
0.37200937831984293 23.0 0
image_83.jpg
0.41342065480854545 22.0 0
0.41342065480854545 6.0 1
image_84.jpg
0.04022960123151973 5.0 1
0.04022960123151973 36.0 1
image_85.jpg
0.4043040755828733 20.0 0
0.4043040755828733 17.0 0
image_86.jpg
0.08307727957098181 9.0 1
0.08307727957098181 22.0 0
0.08307727957098181 12.0 1
image_87.jpg
0.2811873926046178 30.0 0
0.2811873926046178 27.0 0
image_88.jpg
0.3876015632826489 23.0 0
0.3876015632826489 16.0 0
image_89.jpg
0.3837572184538299 14.0 0
0.3837572184538299 15.0 0
image_90.jpg
0.35702361582026515 12.0 1
0.35702361582026515 16.0 0
0.35702361582026515 9.0 1
image_91.jpg
0.34125113981789 14.0 0
0.34125113981789 26.0 0
image_92.jpg
0.13036000114735016 26.0 0
0.13036000114735016 20.0 0
0.13036000114735016 15.0 0
image_93.jpg
0.14427488611926778 14.0 1
0.14427488611926778 28.0 0
0.14427488611926778 21.0 0
0.14427488611926778 24.0 0
image_94.jpg
0.3176831520652284 25.0 0
0.3176831520652284 26.0 0
image_95.jpg
0.36698464638879563 7.0 1
0.36698464638879563 23.0 0
image_96.jpg
0.30047047597891247 17.0 0
0.30047047597891247 19.0 0
image_97.jpg
0.17917253635851385 10.0 1
0.17917253635851385 20.0 0
image_98.jpg
0.4128560509068447 8.0 1
0.4128560509068447 13.0 0
0.4128560509068447 3.0 1
image_99.jpg
0.09157089004642324 3.0 1
0.09157089004642324 22.0 0
image_100.jpg
0.3627387637101952 21.0 0
0.3627387637101952 7.0 1
0.3627387637101952 26.0 0
image_101.jpg
0.04371581636270605 17.0 1
0.04371581636270605 18.0 1
image_102.jpg
0.3510396456429149 18.0 0
0.3510396456429149 7.0 1
image_103.jpg
0.09024375850921332 7.0 1
0.09024375850921332 26.0 0
image_104.jpg
0.1209706125316978 26.0 0
0.1209706125316978 16.0 0
image_105.jpg
0.2670724537493367 19.0 0
0.2670724537493367 16.0 0
image_106.jpg
0.18756616031752174 11.0 0
0.18756616031752174 22.0 0 
0.18756616031752174 29.0 0
image_107.jpg
0.0718649735413592 12.0 1
0.0718649735413592 6.0 1
image_108.jpg
0.2233326544733307 4.0 1
0.2233326544733307 20.0 0
0.2233326544733307 33.0 0
image_109.jpg
0.3673220523844322 7.0 1
0.3673220523844322 33.0 0
image_110.jpg
0.24465267537451696 17.0 0
0.24465267537451696 21.0 0
image_111.jpg
0.12001043770170747 38.0 0
0.12001043770170747 15.0 0
image_112.jpg
0.3784428034764799 22.0 0
0.3784428034764799 17.0 0
0.3784428034764799 15.0 0
image_113.jpg
0.3905059906279442 14.0 0
0.3905059906279442 6.0 1
image_114.jpg
0.24782319803939398 22.0 0
0.24782319803939398 26.0 0
0.24782319803939398 33.0 0
0.24782319803939398 13.0 0
image_115.jpg
0.2847690482499887 2.0 1
0.2847690482499887 28.0 0
0.2847690482499887 8.0 1
image_116.jpg
0.4436023491472777 5.0 1
0.4436023491472777 34.0 0
image_117.jpg
0.1289264476105329 15.0 0
0.1289264476105329 16.0 0
image_118.jpg
0.00687898608906255 15.0 1
0.00687898608906255 26.0 1
image_119.jpg
0.27489774282309226 10.0 0
0.27489774282309226 26.0 0
image_120.jpg
0.22674046538622578 18.0 0
0.22674046538622578 25.0 0
0.22674046538622578 15.0 0
image_121.jpg
0.11362251591306982 5.0 1
0.11362251591306982 12.0 1
image_122.jpg
0.42955659654400163 6.0 1
0.42955659654400163 11.0 0
0.42955659654400163 17.0 0
image_123.jpg
0.2822078449499108 8.0 1
0.2822078449499108 9.0 1
image_124.jpg
0.1941882495396752 19.0 0
0.1941882495396752 21.0 0
0.1941882495396752 12.0 0
image_125.jpg
0.3739793168838944 23.0 0
0.3739793168838944 14.0 0
image_126.jpg
0.07527680148962332 18.0 1
0.07527680148962332 10.0 1
0.07527680148962332 6.0 1
image_127.jpg
0.38148721403100566 11.0 0
0.38148721403100566 24.0 0
0.38148721403100566 17.0 0
image_128.jpg
0.40051338213435944 9.0 0
0.40051338213435944 39.0 0
0.40051338213435944 15.0 0
image_129.jpg
0.3843332716626943 29.0 0
0.3843332716626943 19.0 0
0.3843332716626943 21.0 0
image_130.jpg
0.3021567401370149 26.0 0
0.3021567401370149 33.0 0
0.3021567401370149 18.0 0
image_131.jpg
0.2623475058232802 6.0 1
0.2623475058232802 12.0 1
0.2623475058232802 20.0 0
image_132.jpg
0.26006405583889564 11.0 1
0.26006405583889564 16.0 0
image_133.jpg
0.28352274683824974 16.0 0
0.28352274683824974 25.0 0
image_134.jpg
0.29425546325055935 13.0 1
0.29425546325055935 19.0 0
image_135.jpg
0.35711783163020816 28.0 0
0.35711783163020816 7.0 1
image_136.jpg
0.20173168925753324 20.0 0
0.20173168925753324 21.0 0
image_137.jpg
0.4147121411158078 7.0 1
0.4147121411158078 14.0 0
image_138.jpg
0.4189925343499276 31.0 0
0.4189925343499276 28.0 0
image_139.jpg
0.38669885710177415 8.0 1
0.38669885710177415 19.0 0
image_140.jpg
0.21043904562944565 31.0 0
0.21043904562944565 26.0 0
image_141.jpg
0.26860883038271655 9.0 1
0.26860883038271655 16.0 0
0.26860883038271655 15.0 0
image_142.jpg
0.055483669185786455 22.0 1
0.055483669185786455 17.0 1
image_143.jpg
0.23140626022271582 16.0 0
0.23140626022271582 14.0 0
image_144.jpg
0.3185480268523389 12.0 0
0.3185480268523389 21.0 0
image_145.jpg
0.30944910107497064 21.0 0
0.30944910107497064 23.0 0
image_146.jpg
0.010911360603467275 6.0 1
0.010911360603467275 18.0 1
image_147.jpg
0.07153060245899748 5.0 1
0.07153060245899748 23.0 1
image_148.jpg
0.39951444818823145 10.0 1
0.39951444818823145 27.0 0
0.39951444818823145 20.0 0
image_149.jpg
0.1959448876065031 12.0 0
0.1959448876065031 4.0 1
0.1959448876065031 15.0 0
